1
1
0.700000
40
150 80
50
50 40
8.000000
2
0
42
494.000000 220.000000
0 1 198
140.250000 20.000000 0.630000 0 0 18 0
128.280000 60.000000 0.560000 0 0 26 0
205.420000 100.000000 0.980000 0 0 10 0
360.785000 140.000000 0.910000 1 0 0 0
257.430000 180.000000 0.630000 1 0 0 0
400 300
5
0.000000 0.000000 0
0.000000 0.000000 0
0.000000 0.000000 0
0.000000 0.000000 0
0.000000 0.000000 0
0.000000 0.000000 0
0.000000 0.000000 0
0.000000 0.000000 0
0.000000 0.000000 0
0.000000 0.000000 0
0.000000 0.000000 0
0.000000 0.000000 0
0.000000 0.000000 0
0
0 0
0 0
0 0
0 0
0 0
0
0 0
